{
 "cells": [
  {
   "cell_type": "code",
   "execution_count": 1,
   "metadata": {},
   "outputs": [],
   "source": [
    "from catinous.dataset import BatchDataset, ContinuousDataset\n",
    "from catinous.dynamicmemory.DynamicMemoryModel import DynamicMemoryModel \n",
    "import catinous.dynamicmemory.DynamicMemoryModel as dmodel\n",
    "import catinous.utils as cutils\n",
    "import os\n",
    "import pandas as pd\n",
    "from py_jotools import mut, slurm\n",
    "import matplotlib.pyplot as plt\n",
    "import matplotlib.patches as patches\n",
    "import numpy as np\n",
    "#import seaborn as sns\n",
    "from matplotlib.colors import ListedColormap, LinearSegmentedColormap\n",
    "import torchvision.models as models\n",
    "from torchvision.models.detection.faster_rcnn import FastRCNNPredictor"
   ]
  },
  {
   "cell_type": "code",
   "execution_count": 2,
   "metadata": {},
   "outputs": [
    {
     "name": "stdout",
     "output_type": "stream",
     "text": [
      "lidc_batch08554\n",
      "sshpass -f ~/.ssh/pass ssh cn1.cir.meduniwien.ac.at sbatch --export=NONE --partition centos7 /scratch/lidc_batch08554.job\n",
      "Submitted batch job 3215875\n",
      "\n"
     ]
    }
   ],
   "source": [
    "schedule = True\n",
    "\n",
    "sparams = {\n",
    "    'binary': '/home/cir/mperkonigg/env/catinous/bin/python',\n",
    "    'cwd': '/home/cir/mperkonigg/catinous/catinous',\n",
    "    'gpu': 1,\n",
    "    'partition': 'centos7',\n",
    "    'memory': 100000,\n",
    "    'jobname': 'lidc_batch',\n",
    "    'outputpath': '/home/cir/mperkonigg/slurmoutput/',\n",
    "    'mailuser': 'matthias.perkonigg@meduniwien.ac.at',\n",
    "    'minutes': '240'}\n",
    "\n",
    "\n",
    "hparams = {\n",
    "    'continuous': False,\n",
    "    'datasetfile': '/project/catinous/lungnodulesfinalpatientsplit.csv',\n",
    "    'batch_size': 8,\n",
    "    'training_batch_size': 8,\n",
    "    'task': 'lidc',\n",
    "    'model': 'rnn',\n",
    "    'scanner': 'ges',\n",
    "    'val_check_interval': 50,\n",
    "     'noncontinuous_steps': 1000,\n",
    "    'noncontinuous_train_splits': ['base'],\n",
    "    'order': ['ges', 'geb', 'sie', 'time_siemens'],\n",
    "    'use_memory': False\n",
    "}\n",
    "\n",
    "if schedule:\n",
    "    slurm.srun(dmodel.trained_model, [hparams], params=sparams, remote=True)\n",
    "else:\n",
    "    model, logs, df_cache, basemodel_lr = dmodel.trained_model(hparams)"
   ]
  },
  {
   "cell_type": "code",
   "execution_count": 2,
   "metadata": {},
   "outputs": [
    {
     "name": "stdout",
     "output_type": "stream",
     "text": [
      "lidc_batch04385\n",
      "sshpass -f ~/.ssh/pass ssh mperkonigg@cn5.cir.meduniwien.ac.at sbatch --export=NONE --partition centos7 /scratch/lidc_batch04385.job\n",
      "Submitted batch job 3218666\n",
      "\n"
     ]
    }
   ],
   "source": [
    "schedule = True\n",
    "\n",
    "sparams = {\n",
    "    'binary': '/home/cir/mperkonigg/env/catinous/bin/python',\n",
    "    'cwd': '/home/cir/mperkonigg/catinous/catinous',\n",
    "    'gpu': 1,\n",
    "    'partition': 'centos7',\n",
    "    'memory': 100000,\n",
    "    'jobname': 'lidc_batch',\n",
    "    'outputpath': '/home/cir/mperkonigg/slurmoutput/',\n",
    "    'mailuser': 'matthias.perkonigg@meduniwien.ac.at',\n",
    "    'minutes': '240'}\n",
    "\n",
    "\n",
    "hparams = {\n",
    "    'continuous': False,\n",
    "    'datasetfile': '/project/catinous/lungnodulesfinalpatientsplit.csv',\n",
    "    'batch_size': 8,\n",
    "    'training_batch_size': 8,\n",
    "    'task': 'lidc',\n",
    "    'model': 'rnn',\n",
    "    'scanner': None,\n",
    "     'noncontinuous_steps': 1000,\n",
    "    'noncontinuous_train_splits': ['base', 'train'],\n",
    "    'order': ['ges', 'geb', 'sie', 'time_siemens'],\n",
    "    'use_memory': False,\n",
    "    'val_check_interval': 50\n",
    "}\n",
    "\n",
    "if schedule:\n",
    "    slurm.srun(dmodel.trained_model, [hparams], params=sparams, remote=True)\n",
    "else:\n",
    "    model, logs, df_cache, basemodel_lr = dmodel.trained_model(hparams)"
   ]
  },
  {
   "cell_type": "code",
   "execution_count": 3,
   "metadata": {},
   "outputs": [
    {
     "name": "stdout",
     "output_type": "stream",
     "text": [
      "lidc_batch62296\n",
      "sshpass -f ~/.ssh/pass ssh mperkonigg@cn5.cir.meduniwien.ac.at sbatch --export=NONE --partition centos7 /scratch/lidc_batch62296.job\n",
      "Submitted batch job 3218667\n",
      "\n"
     ]
    }
   ],
   "source": [
    "schedule = True\n",
    "\n",
    "sparams = {\n",
    "    'binary': '/home/cir/mperkonigg/env/catinous/bin/python',\n",
    "    'cwd': '/home/cir/mperkonigg/catinous/catinous',\n",
    "    'gpu': 1,\n",
    "    'partition': 'centos7',\n",
    "    'memory': 100000,\n",
    "    'jobname': 'lidc_batch',\n",
    "    'outputpath': '/home/cir/mperkonigg/slurmoutput/',\n",
    "    'mailuser': 'matthias.perkonigg@meduniwien.ac.at',\n",
    "    'minutes': '240'}\n",
    "\n",
    "\n",
    "hparams = {\n",
    "    'continuous': False,\n",
    "    'datasetfile': '/project/catinous/lungnodulesfinalpatientsplit.csv',\n",
    "    'batch_size': 8,\n",
    "    'training_batch_size': 8,\n",
    "    'task': 'lidc',\n",
    "    'model': 'rnn',\n",
    "    'scanner': None,\n",
    "     'noncontinuous_steps': 1000,\n",
    "    'scanner': 'ges', \n",
    "    'noncontinuous_train_splits': ['base', 'train'],\n",
    "    'order': ['ges', 'geb', 'sie', 'time_siemens'],\n",
    "    'use_memory': False,\n",
    "        'val_check_interval': 50\n",
    "\n",
    "}\n",
    "\n",
    "if schedule:\n",
    "    slurm.srun(dmodel.trained_model, [hparams], params=sparams, remote=True)\n",
    "else:\n",
    "    model, logs, df_cache, basemodel_lr = dmodel.trained_model(hparams)"
   ]
  },
  {
   "cell_type": "code",
   "execution_count": 4,
   "metadata": {},
   "outputs": [
    {
     "name": "stdout",
     "output_type": "stream",
     "text": [
      "lidc_batch98984\n",
      "sshpass -f ~/.ssh/pass ssh mperkonigg@cn5.cir.meduniwien.ac.at sbatch --export=NONE --partition centos7 /scratch/lidc_batch98984.job\n",
      "Submitted batch job 3218668\n",
      "\n"
     ]
    }
   ],
   "source": [
    "schedule = True\n",
    "\n",
    "sparams = {\n",
    "    'binary': '/home/cir/mperkonigg/env/catinous/bin/python',\n",
    "    'cwd': '/home/cir/mperkonigg/catinous/catinous',\n",
    "    'gpu': 1,\n",
    "    'partition': 'centos7',\n",
    "    'memory': 100000,\n",
    "    'jobname': 'lidc_batch',\n",
    "    'outputpath': '/home/cir/mperkonigg/slurmoutput/',\n",
    "    'mailuser': 'matthias.perkonigg@meduniwien.ac.at',\n",
    "    'minutes': '240'}\n",
    "\n",
    "\n",
    "hparams = {\n",
    "    'continuous': False,\n",
    "    'datasetfile': '/project/catinous/lungnodulesfinalpatientsplit.csv',\n",
    "    'batch_size': 8,\n",
    "    'training_batch_size': 8,\n",
    "    'task': 'lidc',\n",
    "    'model': 'rnn',\n",
    "    'scanner': None,\n",
    "     'noncontinuous_steps': 1000,\n",
    "    'scanner': 'geb', \n",
    "    'noncontinuous_train_splits': ['base', 'train'],\n",
    "    'order': ['ges', 'geb', 'sie', 'time_siemens'],\n",
    "    'use_memory': False,\n",
    "        'val_check_interval': 50\n",
    "\n",
    "}\n",
    "\n",
    "if schedule:\n",
    "    slurm.srun(dmodel.trained_model, [hparams], params=sparams, remote=True)\n",
    "else:\n",
    "    model, logs, df_cache, basemodel_lr = dmodel.trained_model(hparams)"
   ]
  },
  {
   "cell_type": "code",
   "execution_count": 5,
   "metadata": {},
   "outputs": [
    {
     "name": "stdout",
     "output_type": "stream",
     "text": [
      "lidc_batch82035\n",
      "sshpass -f ~/.ssh/pass ssh mperkonigg@cn5.cir.meduniwien.ac.at sbatch --export=NONE --partition centos7 /scratch/lidc_batch82035.job\n",
      "Submitted batch job 3218669\n",
      "\n"
     ]
    }
   ],
   "source": [
    "schedule = True\n",
    "\n",
    "sparams = {\n",
    "    'binary': '/home/cir/mperkonigg/env/catinous/bin/python',\n",
    "    'cwd': '/home/cir/mperkonigg/catinous/catinous',\n",
    "    'gpu': 1,\n",
    "    'partition': 'centos7',\n",
    "    'memory': 100000,\n",
    "    'jobname': 'lidc_batch',\n",
    "    'outputpath': '/home/cir/mperkonigg/slurmoutput/',\n",
    "    'mailuser': 'matthias.perkonigg@meduniwien.ac.at',\n",
    "    'minutes': '240'}\n",
    "\n",
    "\n",
    "hparams = {\n",
    "    'continuous': False,\n",
    "    'datasetfile': '/project/catinous/lungnodulesfinalpatientsplit.csv',\n",
    "    'batch_size': 8,\n",
    "    'training_batch_size': 8,\n",
    "    'task': 'lidc',\n",
    "    'model': 'rnn',\n",
    "    'scanner': None,\n",
    "     'noncontinuous_steps': 1000,\n",
    "    'scanner': 'sie', \n",
    "    'noncontinuous_train_splits': ['base', 'train'],\n",
    "    'order': ['ges', 'geb', 'sie', 'time_siemens'],\n",
    "    'use_memory': False,\n",
    "        'val_check_interval': 50\n",
    "\n",
    "}\n",
    "\n",
    "if schedule:\n",
    "    slurm.srun(dmodel.trained_model, [hparams], params=sparams, remote=True)\n",
    "else:\n",
    "    model, logs, df_cache, basemodel_lr = dmodel.trained_model(hparams)"
   ]
  },
  {
   "cell_type": "code",
   "execution_count": 6,
   "metadata": {},
   "outputs": [
    {
     "name": "stdout",
     "output_type": "stream",
     "text": [
      "lidc_batch01907\n",
      "sshpass -f ~/.ssh/pass ssh mperkonigg@cn5.cir.meduniwien.ac.at sbatch --export=NONE --partition centos7 /scratch/lidc_batch01907.job\n",
      "Submitted batch job 3218670\n",
      "\n"
     ]
    }
   ],
   "source": [
    "schedule = True\n",
    "\n",
    "sparams = {\n",
    "    'binary': '/home/cir/mperkonigg/env/catinous/bin/python',\n",
    "    'cwd': '/home/cir/mperkonigg/catinous/catinous',\n",
    "    'gpu': 1,\n",
    "    'partition': 'centos7',\n",
    "    'memory': 100000,\n",
    "    'jobname': 'lidc_batch',\n",
    "    'outputpath': '/home/cir/mperkonigg/slurmoutput/',\n",
    "    'mailuser': 'matthias.perkonigg@meduniwien.ac.at',\n",
    "    'minutes': '240'}\n",
    "\n",
    "\n",
    "hparams = {\n",
    "    'continuous': False,\n",
    "    'datasetfile': '/project/catinous/lungnodulesfinalpatientsplit.csv',\n",
    "    'batch_size': 8,\n",
    "    'training_batch_size': 8,\n",
    "    'task': 'lidc',\n",
    "    'model': 'rnn',\n",
    "    'scanner': None,\n",
    "     'noncontinuous_steps': 1000,\n",
    "    'scanner': 'time_siemens', \n",
    "    'noncontinuous_train_splits': ['base', 'train'],\n",
    "    'order': ['ges', 'geb', 'sie', 'time_siemens'],\n",
    "    'use_memory': False,\n",
    "        'val_check_interval': 50\n",
    "\n",
    "}\n",
    "\n",
    "if schedule:\n",
    "    slurm.srun(dmodel.trained_model, [hparams], params=sparams, remote=True)\n",
    "else:\n",
    "    model, logs, df_cache, basemodel_lr = dmodel.trained_model(hparams)"
   ]
  },
  {
   "cell_type": "code",
   "execution_count": null,
   "metadata": {},
   "outputs": [],
   "source": []
  },
  {
   "cell_type": "code",
   "execution_count": 16,
   "metadata": {},
   "outputs": [
    {
     "name": "stdout",
     "output_type": "stream",
     "text": [
      "lidc_cont80833\n",
      "sshpass -f ~/.ssh/pass ssh mperkonigg@cn5.cir.meduniwien.ac.at sbatch --export=NONE --partition centos7 /scratch/lidc_cont80833.job\n",
      "Submitted batch job 3218930\n",
      "\n"
     ]
    }
   ],
   "source": [
    "schedule = True\n",
    "\n",
    "\n",
    "sparams = {\n",
    "    'binary': '/home/cir/mperkonigg/env/catinous/bin/python',\n",
    "    'cwd': '/home/cir/mperkonigg/catinous/catinous',\n",
    "    'gpu': 1,\n",
    "    'partition': 'centos7',\n",
    "    'memory': 100000,\n",
    "    'jobname': 'lidc_cont',\n",
    "    'outputpath': '/home/cir/mperkonigg/slurmoutput/',\n",
    "    'mailuser': 'matthias.perkonigg@meduniwien.ac.at',\n",
    "    'minutes': '240'}\n",
    "\n",
    "hparams={'root_dir':'/project/catinous/',\n",
    "         'datasetfile': '/project/catinous/lungnodulesfinalpatientsplit.csv',\n",
    "         'batch_size': 16,\n",
    "         'training_batch_size': 16,\n",
    "         'transition_phase_after':0.8,\n",
    "         'memorymaximum': 128,\n",
    "         'use_memory':True,\n",
    "         'random_memory': True,\n",
    "         'balance_memory': False,\n",
    "        'order': ['ges', 'geb', 'sie', 'time_siemens'],\n",
    "         'continuous': True,\n",
    "         'val_check_interval': 10,\n",
    "        'base_model': '/project/catinous/trained_models/lidc_batch_lungnodulesfinalpatientsplit_base_1_4e9eb3ca65.pt', \n",
    "         'run_postfix': 1,\n",
    "        'dim': 2,\n",
    "         'task': 'lidc',\n",
    "         'model': 'rnn',\n",
    "         'seed': 1654130,\n",
    "         'stylemodel': True,\n",
    "         'pseudodomain_detection': True\n",
    "        }\n",
    "\n",
    "if schedule:\n",
    "    slurm.srun(dmodel.trained_model, [hparams], params=sparams, remote=True)\n",
    "else:\n",
    "    model, logs, df_cache, basemodel_lr = dmodel.trained_model(hparams)"
   ]
  },
  {
   "cell_type": "code",
   "execution_count": 2,
   "metadata": {},
   "outputs": [
    {
     "name": "stdout",
     "output_type": "stream",
     "text": [
      "in base domain clf\n",
      "(327680,)\n"
     ]
    },
    {
     "name": "stderr",
     "output_type": "stream",
     "text": [
      "GPU available: True, used: True\n",
      "INFO:lightning:GPU available: True, used: True\n",
      "TPU available: False, using: 0 TPU cores\n",
      "INFO:lightning:TPU available: False, using: 0 TPU cores\n",
      "LOCAL_RANK: 0 - CUDA_VISIBLE_DEVICES: [0]\n",
      "INFO:lightning:LOCAL_RANK: 0 - CUDA_VISIBLE_DEVICES: [0]\n"
     ]
    },
    {
     "name": "stdout",
     "output_type": "stream",
     "text": [
      "finished base domain clf\n",
      "expname lidc_cont_lungnodulesfinalpatientsplit_basemodel_batch_mem_tf08_1_10c2a3a5a9\n"
     ]
    },
    {
     "name": "stderr",
     "output_type": "stream",
     "text": [
      "\n",
      "  | Name       | Type       | Params\n",
      "------------------------------------------\n",
      "0 | model      | FasterRCNN | 41 M  \n",
      "1 | stylemodel | ResNet     | 25 M  \n",
      "INFO:lightning:\n",
      "  | Name       | Type       | Params\n",
      "------------------------------------------\n",
      "0 | model      | FasterRCNN | 41 M  \n",
      "1 | stylemodel | ResNet     | 25 M  \n",
      "/home/cir/mperkonigg/env/catinous/lib/python3.6/site-packages/pytorch_lightning/utilities/distributed.py:45: UserWarning: The dataloader, val dataloader 0, does not have many workers which may be a bottleneck. Consider increasing the value of the `num_workers` argument` (try 24 which is the number of cpus on this machine) in the `DataLoader` init to improve performance.\n",
      "  warnings.warn(*args, **kwargs)\n",
      "/home/cir/mperkonigg/env/catinous/lib/python3.6/site-packages/torchvision/ops/boxes.py:101: UserWarning: This overload of nonzero is deprecated:\n",
      "\tnonzero()\n",
      "Consider using one of the following signatures instead:\n",
      "\tnonzero(*, bool as_tuple) (Triggered internally at  /pytorch/torch/csrc/utils/python_arg_parser.cpp:766.)\n",
      "  keep = keep.nonzero().squeeze(1)\n"
     ]
    },
    {
     "name": "stdout",
     "output_type": "stream",
     "text": [
      "{'boxes': tensor([[71., 46., 79., 54.]]), 'labels': tensor([1]), 'image_id': tensor([0]), 'area': tensor([64.], dtype=torch.float64), 'iscrowd': tensor([0])}\n",
      "{'boxes': tensor([[304., 207., 311., 214.]]), 'labels': tensor([1]), 'image_id': tensor([1]), 'area': tensor([49.], dtype=torch.float64), 'iscrowd': tensor([0])}\n",
      "{'boxes': tensor([[283., 133., 293., 143.]]), 'labels': tensor([2]), 'image_id': tensor([2]), 'area': tensor([100.], dtype=torch.float64), 'iscrowd': tensor([0])}\n",
      "{'boxes': tensor([[-28., 158., -18., 168.]]), 'labels': tensor([2]), 'image_id': tensor([3]), 'area': tensor([100.], dtype=torch.float64), 'iscrowd': tensor([0])}\n",
      "{'boxes': tensor([[244., 166., 268., 190.]]), 'labels': tensor([2]), 'image_id': tensor([4]), 'area': tensor([576.], dtype=torch.float64), 'iscrowd': tensor([0])}\n",
      "{'boxes': tensor([[ 45.,  90.,  58., 103.]]), 'labels': tensor([2]), 'image_id': tensor([5]), 'area': tensor([169.], dtype=torch.float64), 'iscrowd': tensor([0])}\n",
      "{'boxes': tensor([[ 17., 146.,  23., 152.]]), 'labels': tensor([1]), 'image_id': tensor([6]), 'area': tensor([36.], dtype=torch.float64), 'iscrowd': tensor([0])}\n",
      "{'boxes': tensor([[22., -2., 28.,  4.]]), 'labels': tensor([1]), 'image_id': tensor([7]), 'area': tensor([36.], dtype=torch.float64), 'iscrowd': tensor([0])}\n",
      "domain 0 6 {'ges': 6, 'geb': 0, 'sie': 0, 'time_siemens': 0}\n",
      "{'boxes': tensor([[276., 160., 282., 166.]]), 'labels': tensor([2]), 'image_id': tensor([8]), 'area': tensor([36.], dtype=torch.float64), 'iscrowd': tensor([0])}\n",
      "{'boxes': tensor([[251., 224., 265., 238.]]), 'labels': tensor([2]), 'image_id': tensor([9]), 'area': tensor([196.], dtype=torch.float64), 'iscrowd': tensor([0])}\n",
      "{'boxes': tensor([[ 70., 167.,  92., 189.]]), 'labels': tensor([2]), 'image_id': tensor([10]), 'area': tensor([484.], dtype=torch.float64), 'iscrowd': tensor([0])}\n",
      "{'boxes': tensor([[52., 29., 76., 53.]]), 'labels': tensor([2]), 'image_id': tensor([11]), 'area': tensor([576.], dtype=torch.float64), 'iscrowd': tensor([0])}\n",
      "{'boxes': tensor([[-40., 230., -31., 239.]]), 'labels': tensor([2]), 'image_id': tensor([12]), 'area': tensor([81.], dtype=torch.float64), 'iscrowd': tensor([0])}\n",
      "{'boxes': tensor([[308., 228., 315., 235.]]), 'labels': tensor([1]), 'image_id': tensor([13]), 'area': tensor([49.], dtype=torch.float64), 'iscrowd': tensor([0])}\n",
      "{'boxes': tensor([[323., 150., 329., 156.]]), 'labels': tensor([1]), 'image_id': tensor([14]), 'area': tensor([36.], dtype=torch.float64), 'iscrowd': tensor([0])}\n",
      "{'boxes': tensor([[ 22., 112.,  30., 120.]]), 'labels': tensor([1]), 'image_id': tensor([15]), 'area': tensor([64.], dtype=torch.float64), 'iscrowd': tensor([0])}\n",
      "domain 0 12 {'ges': 12, 'geb': 0, 'sie': 0, 'time_siemens': 0}\n",
      "{'boxes': tensor([[128., 188., 134., 194.]]), 'labels': tensor([2]), 'image_id': tensor([16]), 'area': tensor([36.], dtype=torch.float64), 'iscrowd': tensor([0])}\n",
      "{'boxes': tensor([[  7., 236.,  13., 242.]]), 'labels': tensor([2]), 'image_id': tensor([17]), 'area': tensor([36.], dtype=torch.float64), 'iscrowd': tensor([0])}\n",
      "{'boxes': tensor([[323.,  71., 344.,  92.]]), 'labels': tensor([2]), 'image_id': tensor([18]), 'area': tensor([441.], dtype=torch.float64), 'iscrowd': tensor([0])}\n",
      "{'boxes': tensor([[212., 133., 235., 156.]]), 'labels': tensor([2]), 'image_id': tensor([19]), 'area': tensor([529.], dtype=torch.float64), 'iscrowd': tensor([0])}\n",
      "{'boxes': tensor([[258., 170., 265., 177.]]), 'labels': tensor([1]), 'image_id': tensor([20]), 'area': tensor([49.], dtype=torch.float64), 'iscrowd': tensor([0])}\n",
      "{'boxes': tensor([[ 34., 137.,  40., 143.]]), 'labels': tensor([2]), 'image_id': tensor([21]), 'area': tensor([36.], dtype=torch.float64), 'iscrowd': tensor([0])}\n",
      "{'boxes': tensor([[251., 185., 259., 193.]]), 'labels': tensor([2]), 'image_id': tensor([22]), 'area': tensor([64.], dtype=torch.float64), 'iscrowd': tensor([0])}\n",
      "{'boxes': tensor([[345., 125., 353., 133.]]), 'labels': tensor([1]), 'image_id': tensor([23]), 'area': tensor([64.], dtype=torch.float64), 'iscrowd': tensor([0])}\n",
      "check outlier memory distances [[0.         0.00389944 0.00335904 0.01528741 0.00681874 0.01606073\n",
      "  0.00495328 0.00163742]\n",
      " [0.00389944 0.         0.00427378 0.01593468 0.00584736 0.01684194\n",
      "  0.00553867 0.00399056]\n",
      " [0.00335904 0.00427378 0.         0.01463621 0.00607016 0.01541586\n",
      "  0.00527457 0.00271942]\n",
      " [0.01528741 0.01593468 0.01463621 0.         0.01710177 0.00755904\n",
      "  0.01176379 0.01462615]\n",
      " [0.00681874 0.00584736 0.00607016 0.01710177 0.         0.01612413\n",
      "  0.00860266 0.00684225]\n",
      " [0.01606073 0.01684194 0.01541586 0.00755904 0.01612413 0.\n",
      "  0.01391646 0.01542593]\n",
      " [0.00495328 0.00553867 0.00527457 0.01176379 0.00860266 0.01391646\n",
      "  0.         0.00441463]\n",
      " [0.00163742 0.00399056 0.00271942 0.01462615 0.00684225 0.01542593\n",
      "  0.00441463 0.        ]] 0.03418116526017009\n",
      "{0: IsolationForest(n_estimators=10, random_state=1654130)} 1\n",
      "domain 0 16\n",
      "domain 0 16 {'ges': 16, 'geb': 0, 'sie': 0, 'time_siemens': 0}\n",
      "{'boxes': tensor([[ 32., 157.,  43., 168.]]), 'labels': tensor([2]), 'image_id': tensor([24]), 'area': tensor([121.], dtype=torch.float64), 'iscrowd': tensor([0])}\n",
      "{'boxes': tensor([[250., 113., 259., 122.]]), 'labels': tensor([2]), 'image_id': tensor([25]), 'area': tensor([81.], dtype=torch.float64), 'iscrowd': tensor([0])}\n",
      "{'boxes': tensor([[ 38., 147.,  59., 168.]]), 'labels': tensor([2]), 'image_id': tensor([26]), 'area': tensor([441.], dtype=torch.float64), 'iscrowd': tensor([0])}\n",
      "{'boxes': tensor([[ 82., 260.,  91., 269.]]), 'labels': tensor([2]), 'image_id': tensor([27]), 'area': tensor([81.], dtype=torch.float64), 'iscrowd': tensor([0])}\n",
      "{'boxes': tensor([[55., 82., 61., 88.]]), 'labels': tensor([1]), 'image_id': tensor([28]), 'area': tensor([36.], dtype=torch.float64), 'iscrowd': tensor([0])}\n",
      "{'boxes': tensor([[221., 163., 232., 174.]]), 'labels': tensor([2]), 'image_id': tensor([29]), 'area': tensor([121.], dtype=torch.float64), 'iscrowd': tensor([0])}\n",
      "{'boxes': tensor([[206., 245., 217., 256.]]), 'labels': tensor([1]), 'image_id': tensor([30]), 'area': tensor([121.], dtype=torch.float64), 'iscrowd': tensor([0])}\n",
      "{'boxes': tensor([[  7., 220.,  19., 232.]]), 'labels': tensor([1]), 'image_id': tensor([31]), 'area': tensor([144.], dtype=torch.float64), 'iscrowd': tensor([0])}\n",
      "check outlier memory distances [[0.         0.00389944 0.00335904 0.01528741 0.00681874 0.01606073\n",
      "  0.00495328 0.00163742 0.00516652 0.00304012 0.01036614 0.00241411]\n",
      " [0.00389944 0.         0.00427378 0.01593468 0.00584736 0.01684194\n",
      "  0.00553867 0.00399056 0.00468199 0.00308986 0.009293   0.00331431]\n",
      " [0.00335904 0.00427378 0.         0.01463621 0.00607016 0.01541586\n",
      "  0.00527457 0.00271942 0.00347154 0.00372098 0.01047199 0.00325351]\n",
      " [0.01528741 0.01593468 0.01463621 0.         0.01710177 0.00755904\n",
      "  0.01176379 0.01462615 0.01453074 0.01547128 0.02182125 0.01431995]\n",
      " [0.00681874 0.00584736 0.00607016 0.01710177 0.         0.01612413\n",
      "  0.00860266 0.00684225 0.00416146 0.00646323 0.0094032  0.00672224]\n",
      " [0.01606073 0.01684194 0.01541586 0.00755904 0.01612413 0.\n",
      "  0.01391646 0.01542593 0.01469449 0.01610414 0.02198028 0.01547959]\n",
      " [0.00495328 0.00553867 0.00527457 0.01176379 0.00860266 0.01391646\n",
      "  0.         0.00441463 0.00617295 0.00497042 0.01331045 0.00363755]\n",
      " [0.00163742 0.00399056 0.00271942 0.01462615 0.00684225 0.01542593\n",
      "  0.00441463 0.         0.00477588 0.00250134 0.0111013  0.00229241]\n",
      " [0.00516652 0.00468199 0.00347154 0.01453074 0.00416146 0.01469449\n",
      "  0.00617295 0.00477588 0.         0.00511125 0.00980228 0.0046982 ]\n",
      " [0.00304012 0.00308986 0.00372098 0.01547128 0.00646323 0.01610414\n",
      "  0.00497042 0.00250134 0.00511125 0.         0.01099395 0.00305839]\n",
      " [0.01036614 0.009293   0.01047199 0.02182125 0.0094032  0.02198028\n",
      "  0.01331045 0.0111013  0.00980228 0.01099395 0.         0.01094217]\n",
      " [0.00241411 0.00331431 0.00325351 0.01431995 0.00672224 0.01547959\n",
      "  0.00363755 0.00229241 0.0046982  0.00305839 0.01094217 0.        ]] 0.018567954380795677\n",
      "{0: IsolationForest(n_estimators=10, random_state=1654130)} 1\n",
      "domain 0 20\n",
      "domain 0 20 {'ges': 20, 'geb': 0, 'sie': 0, 'time_siemens': 0}\n",
      "{'boxes': tensor([[32., 46., 39., 53.]]), 'labels': tensor([1]), 'image_id': tensor([32]), 'area': tensor([49.], dtype=torch.float64), 'iscrowd': tensor([0])}\n",
      "{'boxes': tensor([[-7., 48., -1., 54.]]), 'labels': tensor([2]), 'image_id': tensor([33]), 'area': tensor([36.], dtype=torch.float64), 'iscrowd': tensor([0])}\n",
      "{'boxes': tensor([[ -4., 191.,   2., 197.]]), 'labels': tensor([1]), 'image_id': tensor([34]), 'area': tensor([36.], dtype=torch.float64), 'iscrowd': tensor([0])}\n",
      "{'boxes': tensor([[262., 179., 270., 187.]]), 'labels': tensor([1]), 'image_id': tensor([35]), 'area': tensor([64.], dtype=torch.float64), 'iscrowd': tensor([0])}\n",
      "{'boxes': tensor([[269.,  55., 296.,  82.]]), 'labels': tensor([2]), 'image_id': tensor([36]), 'area': tensor([729.], dtype=torch.float64), 'iscrowd': tensor([0])}\n",
      "{'boxes': tensor([[216.,  87., 226.,  97.]]), 'labels': tensor([1]), 'image_id': tensor([37]), 'area': tensor([100.], dtype=torch.float64), 'iscrowd': tensor([0])}\n",
      "{'boxes': tensor([[280., 218., 294., 232.]]), 'labels': tensor([2]), 'image_id': tensor([38]), 'area': tensor([196.], dtype=torch.float64), 'iscrowd': tensor([0])}\n",
      "{'boxes': tensor([[307., 120., 313., 126.]]), 'labels': tensor([1]), 'image_id': tensor([39]), 'area': tensor([36.], dtype=torch.float64), 'iscrowd': tensor([0])}\n",
      "check outlier memory distances [[0.         0.00389944 0.00335904 0.01528741 0.00681874 0.01606073\n",
      "  0.00495328 0.00163742 0.00516652 0.00304012 0.01036614 0.00241411\n",
      "  0.00374618]\n",
      " [0.00389944 0.         0.00427378 0.01593468 0.00584736 0.01684194\n",
      "  0.00553867 0.00399056 0.00468199 0.00308986 0.009293   0.00331431\n",
      "  0.00594693]\n",
      " [0.00335904 0.00427378 0.         0.01463621 0.00607016 0.01541586\n",
      "  0.00527457 0.00271942 0.00347154 0.00372098 0.01047199 0.00325351\n",
      "  0.00392548]\n",
      " [0.01528741 0.01593468 0.01463621 0.         0.01710177 0.00755904\n",
      "  0.01176379 0.01462615 0.01453074 0.01547128 0.02182125 0.01431995\n",
      "  0.01677651]\n",
      " [0.00681874 0.00584736 0.00607016 0.01710177 0.         0.01612413\n",
      "  0.00860266 0.00684225 0.00416146 0.00646323 0.0094032  0.00672224\n",
      "  0.00684286]\n",
      " [0.01606073 0.01684194 0.01541586 0.00755904 0.01612413 0.\n",
      "  0.01391646 0.01542593 0.01469449 0.01610414 0.02198028 0.01547959\n",
      "  0.01710749]\n",
      " [0.00495328 0.00553867 0.00527457 0.01176379 0.00860266 0.01391646\n",
      "  0.         0.00441463 0.00617295 0.00497042 0.01331045 0.00363755\n",
      "  0.00769666]\n",
      " [0.00163742 0.00399056 0.00271942 0.01462615 0.00684225 0.01542593\n",
      "  0.00441463 0.         0.00477588 0.00250134 0.0111013  0.00229241\n",
      "  0.00421703]\n",
      " [0.00516652 0.00468199 0.00347154 0.01453074 0.00416146 0.01469449\n",
      "  0.00617295 0.00477588 0.         0.00511125 0.00980228 0.0046982\n",
      "  0.00557439]\n",
      " [0.00304012 0.00308986 0.00372098 0.01547128 0.00646323 0.01610414\n",
      "  0.00497042 0.00250134 0.00511125 0.         0.01099395 0.00305839\n",
      "  0.00559696]\n",
      " [0.01036614 0.009293   0.01047199 0.02182125 0.0094032  0.02198028\n",
      "  0.01331045 0.0111013  0.00980228 0.01099395 0.         0.01094217\n",
      "  0.00905453]\n",
      " [0.00241411 0.00331431 0.00325351 0.01431995 0.00672224 0.01547959\n",
      "  0.00363755 0.00229241 0.0046982  0.00305839 0.01094217 0.\n",
      "  0.00507325]\n",
      " [0.00374618 0.00594693 0.00392548 0.01677651 0.00684286 0.01710749\n",
      "  0.00769666 0.00421703 0.00557439 0.00559696 0.00905453 0.00507325\n",
      "  0.        ]] 0.018567954380795677\n",
      "{0: IsolationForest(n_estimators=10, random_state=1654130)} 1\n",
      "domain 0 27\n",
      "domain 0 27 {'ges': 27, 'geb': 0, 'sie': 0, 'time_siemens': 0}\n"
     ]
    },
    {
     "name": "stdout",
     "output_type": "stream",
     "text": [
      "{'boxes': tensor([[-54.,  88., -45.,  97.]]), 'labels': tensor([2]), 'image_id': tensor([40]), 'area': tensor([81.], dtype=torch.float64), 'iscrowd': tensor([0])}\n",
      "{'boxes': tensor([[112., 200., 121., 209.]]), 'labels': tensor([1]), 'image_id': tensor([41]), 'area': tensor([81.], dtype=torch.float64), 'iscrowd': tensor([0])}\n",
      "{'boxes': tensor([[ 35., 186.,  45., 196.]]), 'labels': tensor([2]), 'image_id': tensor([42]), 'area': tensor([100.], dtype=torch.float64), 'iscrowd': tensor([0])}\n",
      "{'boxes': tensor([[ -2., 182.,  29., 213.]]), 'labels': tensor([2]), 'image_id': tensor([43]), 'area': tensor([961.], dtype=torch.float64), 'iscrowd': tensor([0])}\n",
      "{'boxes': tensor([[209., 230., 215., 236.]]), 'labels': tensor([2]), 'image_id': tensor([44]), 'area': tensor([36.], dtype=torch.float64), 'iscrowd': tensor([0])}\n",
      "{'boxes': tensor([[26., 47., 33., 54.]]), 'labels': tensor([2]), 'image_id': tensor([45]), 'area': tensor([49.], dtype=torch.float64), 'iscrowd': tensor([0])}\n",
      "{'boxes': tensor([[21., 44., 30., 53.]]), 'labels': tensor([1]), 'image_id': tensor([46]), 'area': tensor([81.], dtype=torch.float64), 'iscrowd': tensor([0])}\n",
      "{'boxes': tensor([[274., 173., 282., 181.]]), 'labels': tensor([2]), 'image_id': tensor([47]), 'area': tensor([64.], dtype=torch.float64), 'iscrowd': tensor([0])}\n",
      "check outlier memory distances [[0.         0.00389944 0.00335904 0.01528741 0.00681874 0.01606073\n",
      "  0.00495328 0.00163742 0.00516652 0.00304012 0.01036614 0.00241411\n",
      "  0.00374618 0.00592444 0.00500541 0.00402145 0.00776317]\n",
      " [0.00389944 0.         0.00427378 0.01593468 0.00584736 0.01684194\n",
      "  0.00553867 0.00399056 0.00468199 0.00308986 0.009293   0.00331431\n",
      "  0.00594693 0.00622855 0.00415807 0.00404851 0.00526748]\n",
      " [0.00335904 0.00427378 0.         0.01463621 0.00607016 0.01541586\n",
      "  0.00527457 0.00271942 0.00347154 0.00372098 0.01047199 0.00325351\n",
      "  0.00392548 0.00618502 0.00283592 0.0019825  0.00581346]\n",
      " [0.01528741 0.01593468 0.01463621 0.         0.01710177 0.00755904\n",
      "  0.01176379 0.01462615 0.01453074 0.01547128 0.02182125 0.01431995\n",
      "  0.01677651 0.01216798 0.01434661 0.01384225 0.0161769 ]\n",
      " [0.00681874 0.00584736 0.00607016 0.01710177 0.         0.01612413\n",
      "  0.00860266 0.00684225 0.00416146 0.00646323 0.0094032  0.00672224\n",
      "  0.00684286 0.00658429 0.00584093 0.00600854 0.00615483]\n",
      " [0.01606073 0.01684194 0.01541586 0.00755904 0.01612413 0.\n",
      "  0.01391646 0.01542593 0.01469449 0.01610414 0.02198028 0.01547959\n",
      "  0.01710749 0.01211023 0.01503611 0.01510418 0.01702916]\n",
      " [0.00495328 0.00553867 0.00527457 0.01176379 0.00860266 0.01391646\n",
      "  0.         0.00441463 0.00617295 0.00497042 0.01331045 0.00363755\n",
      "  0.00769666 0.00468458 0.00514717 0.00435195 0.00822053]\n",
      " [0.00163742 0.00399056 0.00271942 0.01462615 0.00684225 0.01542593\n",
      "  0.00441463 0.         0.00477588 0.00250134 0.0111013  0.00229241\n",
      "  0.00421703 0.00554763 0.00409686 0.00339119 0.00748637]\n",
      " [0.00516652 0.00468199 0.00347154 0.01453074 0.00416146 0.01469449\n",
      "  0.00617295 0.00477588 0.         0.00511125 0.00980228 0.0046982\n",
      "  0.00557439 0.00527719 0.00355876 0.00309338 0.00458209]\n",
      " [0.00304012 0.00308986 0.00372098 0.01547128 0.00646323 0.01610414\n",
      "  0.00497042 0.00250134 0.00511125 0.         0.01099395 0.00305839\n",
      "  0.00559696 0.00584892 0.00372439 0.00415646 0.00715116]\n",
      " [0.01036614 0.009293   0.01047199 0.02182125 0.0094032  0.02198028\n",
      "  0.01331045 0.0111013  0.00980228 0.01099395 0.         0.01094217\n",
      "  0.00905453 0.01252545 0.01160107 0.01058378 0.00957827]\n",
      " [0.00241411 0.00331431 0.00325351 0.01431995 0.00672224 0.01547959\n",
      "  0.00363755 0.00229241 0.0046982  0.00305839 0.01094217 0.\n",
      "  0.00507325 0.00559659 0.00396964 0.00327418 0.00679672]\n",
      " [0.00374618 0.00594693 0.00392548 0.01677651 0.00684286 0.01710749\n",
      "  0.00769666 0.00421703 0.00557439 0.00559696 0.00905453 0.00507325\n",
      "  0.         0.00792505 0.00639952 0.00511344 0.00804647]\n",
      " [0.00592444 0.00622855 0.00618502 0.01216798 0.00658429 0.01211023\n",
      "  0.00468458 0.00554763 0.00527719 0.00584892 0.01252545 0.00559659\n",
      "  0.00792505 0.         0.00591843 0.00547884 0.00834512]\n",
      " [0.00500541 0.00415807 0.00283592 0.01434661 0.00584093 0.01503611\n",
      "  0.00514717 0.00409686 0.00355876 0.00372439 0.01160107 0.00396964\n",
      "  0.00639952 0.00591843 0.         0.00272441 0.00490425]\n",
      " [0.00402145 0.00404851 0.0019825  0.01384225 0.00600854 0.01510418\n",
      "  0.00435195 0.00339119 0.00309338 0.00415646 0.01058378 0.00327418\n",
      "  0.00511344 0.00547884 0.00272441 0.         0.00519251]\n",
      " [0.00776317 0.00526748 0.00581346 0.0161769  0.00615483 0.01702916\n",
      "  0.00822053 0.00748637 0.00458209 0.00715116 0.00957827 0.00679672\n",
      "  0.00804647 0.00834512 0.00490425 0.00519251 0.        ]] 0.015410689179431315\n",
      "{0: IsolationForest(n_estimators=10, random_state=1654130)} 1\n",
      "domain 0 31\n",
      "domain 0 31 {'ges': 31, 'geb': 0, 'sie': 0, 'time_siemens': 0}\n",
      "{'boxes': tensor([[ -3., 271.,   4., 278.]]), 'labels': tensor([2]), 'image_id': tensor([48]), 'area': tensor([49.], dtype=torch.float64), 'iscrowd': tensor([0])}\n",
      "{'boxes': tensor([[ 53., 263.,  65., 275.]]), 'labels': tensor([2]), 'image_id': tensor([49]), 'area': tensor([144.], dtype=torch.float64), 'iscrowd': tensor([0])}\n",
      "{'boxes': tensor([[297.,  24., 302.,  29.]]), 'labels': tensor([1]), 'image_id': tensor([50]), 'area': tensor([25.], dtype=torch.float64), 'iscrowd': tensor([0])}\n",
      "{'boxes': tensor([[155.,  45., 161.,  51.]]), 'labels': tensor([1]), 'image_id': tensor([51]), 'area': tensor([36.], dtype=torch.float64), 'iscrowd': tensor([0])}\n",
      "{'boxes': tensor([[ 25., 173.,  34., 182.]]), 'labels': tensor([1]), 'image_id': tensor([52]), 'area': tensor([81.], dtype=torch.float64), 'iscrowd': tensor([0])}\n",
      "{'boxes': tensor([[-13., 235.,  -7., 241.]]), 'labels': tensor([2]), 'image_id': tensor([53]), 'area': tensor([36.], dtype=torch.float64), 'iscrowd': tensor([0])}\n",
      "{'boxes': tensor([[-13., 117.,  -2., 128.]]), 'labels': tensor([1]), 'image_id': tensor([54]), 'area': tensor([121.], dtype=torch.float64), 'iscrowd': tensor([0])}\n",
      "{'boxes': tensor([[-18.,  21., -12.,  27.]]), 'labels': tensor([1]), 'image_id': tensor([55]), 'area': tensor([36.], dtype=torch.float64), 'iscrowd': tensor([0])}\n",
      "check outlier memory distances [[0.         0.00389944 0.00335904 0.01528741 0.00681874 0.01606073\n",
      "  0.00495328 0.00163742 0.00516652 0.00304012 0.01036614 0.00241411\n",
      "  0.00374618 0.00592444 0.00500541 0.00402145 0.00776317 0.00411337\n",
      "  0.00680739]\n",
      " [0.00389944 0.         0.00427378 0.01593468 0.00584736 0.01684194\n",
      "  0.00553867 0.00399056 0.00468199 0.00308986 0.009293   0.00331431\n",
      "  0.00594693 0.00622855 0.00415807 0.00404851 0.00526748 0.0047935\n",
      "  0.00545457]\n",
      " [0.00335904 0.00427378 0.         0.01463621 0.00607016 0.01541586\n",
      "  0.00527457 0.00271942 0.00347154 0.00372098 0.01047199 0.00325351\n",
      "  0.00392548 0.00618502 0.00283592 0.0019825  0.00581346 0.00244626\n",
      "  0.00480628]\n",
      " [0.01528741 0.01593468 0.01463621 0.         0.01710177 0.00755904\n",
      "  0.01176379 0.01462615 0.01453074 0.01547128 0.02182125 0.01431995\n",
      "  0.01677651 0.01216798 0.01434661 0.01384225 0.0161769  0.01322469\n",
      "  0.01650756]\n",
      " [0.00681874 0.00584736 0.00607016 0.01710177 0.         0.01612413\n",
      "  0.00860266 0.00684225 0.00416146 0.00646323 0.0094032  0.00672224\n",
      "  0.00684286 0.00658429 0.00584093 0.00600854 0.00615483 0.00694435\n",
      "  0.00517141]\n",
      " [0.01606073 0.01684194 0.01541586 0.00755904 0.01612413 0.\n",
      "  0.01391646 0.01542593 0.01469449 0.01610414 0.02198028 0.01547959\n",
      "  0.01710749 0.01211023 0.01503611 0.01510418 0.01702916 0.01465871\n",
      "  0.01697326]\n",
      " [0.00495328 0.00553867 0.00527457 0.01176379 0.00860266 0.01391646\n",
      "  0.         0.00441463 0.00617295 0.00497042 0.01331045 0.00363755\n",
      "  0.00769666 0.00468458 0.00514717 0.00435195 0.00822053 0.00395066\n",
      "  0.00820185]\n",
      " [0.00163742 0.00399056 0.00271942 0.01462615 0.00684225 0.01542593\n",
      "  0.00441463 0.         0.00477588 0.00250134 0.0111013  0.00229241\n",
      "  0.00421703 0.00554763 0.00409686 0.00339119 0.00748637 0.00350435\n",
      "  0.00672208]\n",
      " [0.00516652 0.00468199 0.00347154 0.01453074 0.00416146 0.01469449\n",
      "  0.00617295 0.00477588 0.         0.00511125 0.00980228 0.0046982\n",
      "  0.00557439 0.00527719 0.00355876 0.00309338 0.00458209 0.00373599\n",
      "  0.00384968]\n",
      " [0.00304012 0.00308986 0.00372098 0.01547128 0.00646323 0.01610414\n",
      "  0.00497042 0.00250134 0.00511125 0.         0.01099395 0.00305839\n",
      "  0.00559696 0.00584892 0.00372439 0.00415646 0.00715116 0.00447679\n",
      "  0.00657264]\n",
      " [0.01036614 0.009293   0.01047199 0.02182125 0.0094032  0.02198028\n",
      "  0.01331045 0.0111013  0.00980228 0.01099395 0.         0.01094217\n",
      "  0.00905453 0.01252545 0.01160107 0.01058378 0.00957827 0.01131514\n",
      "  0.00820706]\n",
      " [0.00241411 0.00331431 0.00325351 0.01431995 0.00672224 0.01547959\n",
      "  0.00363755 0.00229241 0.0046982  0.00305839 0.01094217 0.\n",
      "  0.00507325 0.00559659 0.00396964 0.00327418 0.00679672 0.0033443\n",
      "  0.00644663]\n",
      " [0.00374618 0.00594693 0.00392548 0.01677651 0.00684286 0.01710749\n",
      "  0.00769666 0.00421703 0.00557439 0.00559696 0.00905453 0.00507325\n",
      "  0.         0.00792505 0.00639952 0.00511344 0.00804647 0.00557085\n",
      "  0.00650544]\n",
      " [0.00592444 0.00622855 0.00618502 0.01216798 0.00658429 0.01211023\n",
      "  0.00468458 0.00554763 0.00527719 0.00584892 0.01252545 0.00559659\n",
      "  0.00792505 0.         0.00591843 0.00547884 0.00834512 0.00548948\n",
      "  0.00796642]\n",
      " [0.00500541 0.00415807 0.00283592 0.01434661 0.00584093 0.01503611\n",
      "  0.00514717 0.00409686 0.00355876 0.00372439 0.01160107 0.00396964\n",
      "  0.00639952 0.00591843 0.         0.00272441 0.00490425 0.00312446\n",
      "  0.00492317]\n",
      " [0.00402145 0.00404851 0.0019825  0.01384225 0.00600854 0.01510418\n",
      "  0.00435195 0.00339119 0.00309338 0.00415646 0.01058378 0.00327418\n",
      "  0.00511344 0.00547884 0.00272441 0.         0.00519251 0.00174134\n",
      "  0.00453042]\n",
      " [0.00776317 0.00526748 0.00581346 0.0161769  0.00615483 0.01702916\n",
      "  0.00822053 0.00748637 0.00458209 0.00715116 0.00957827 0.00679672\n",
      "  0.00804647 0.00834512 0.00490425 0.00519251 0.         0.00599566\n",
      "  0.00373342]\n",
